%YAML:1.0
---
cameraMatrix: !!opencv-matrix
   rows: 3
   cols: 3
   dt: d
   data: [1086.061234505026, 0.0, 966.8733909922556, 0.,
       1081.5962410921495, 538.156691133866, 0., 0., 1. ]

distCoeffs: !!opencv-matrix
   rows: 1
   cols: 5
   dt: d
   data: [ 0.006321384093700871, -0.009791811773609608, 0.0, 0.0, 0.0]